A;053;20031117 13:47;PDANN;
B;053;510567;1;20031117 13:47;;;;PH BLACKWOOD;CONARGO;2710;211.4;H;20030627;20030901;555000;R;3;FARM;;RW;;0;AA95401;
C;053;510567;1;20031117 13:47;91//756251;
D;053;510567;1;20031117 13:47;P;;;;;;
D;053;510567;1;20031117 13:47;V;;;;;;
D;053;510567;1;20031117 13:47;V;;;;;;
B;053;573382;2;20031117 13:47;;;;PH BUNDYULUMBLAH;DENILIQUIN;2710;17272;H;20030516;20030729;2959717;R;V;VACANT LAND;;RG;;0;9870595;
C;053;573382;2;20031117 13:47;1, 2, 3, 4, 5, 6, 7, 12, 13, 14, 15, 16, 17, 18, 19, 20, 21, 22, 23//1;
C;053;573382;2;20031117 13:47;34054 15, 16//134074 1, 2, 4, 5, 6, 7, 41, 42, 56, 57, 58, 59, 60, 61,;
C;053;573382;2;20031117 13:47; 62, 74//756517 1, 2, 3, 4, 5, 6, 7, 8, 9, 10, 11, 12, 13, 14, 15, 16,;
C;053;573382;2;20031117 13:47; 17, 18, 19, 20, 21, 22, 23, 24, 25, 26, 27, 28, 29, 30, 31, 32, 33, 3;
C;053;573382;2;20031117 13:47;4, 35, 36, 37, 38, 39, 40, 41, 42, 43, 44, 45, 46, 47, 48, 49, 50, 51,;
C;053;573382;2;20031117 13:47; 52, 53, 54, 55, 56, 57, 58, 59, 60, 61, 62, 63, 64, 65, 66, 67, 68, 6;
C;053;573382;2;20031117 13:47;9, 70, 71, 74//756536 1, 2, 3, 4, 5, 6, 7, 8, 9, 10, 15, 16, 17, 18, 1;
C;053;573382;2;20031117 13:47;9, 20, 21, 25, 33, 66, 67, 68, 70, 71, 72, 74, 75, 76, 77, 78, 79, 80,;
C;053;573382;2;20031117 13:47; 81, 82, 83, 84, 85, 86, 87, 91, 92, 93, 94, 95, 96//756537 41, 42//75;
C;053;573382;2;20031117 13:47;6561 . . . . Enclosure Permit 28865 Enclosure Permit 28039 Licence 359;
C;053;573382;2;20031117 13:47;426 Licence 359428;
D;053;573382;2;20031117 13:47;P;;;;;;
D;053;573382;2;20031117 13:47;V;;;;;;
D;053;573382;2;20031117 13:47;V;;;;;;
B;053;573422;3;20031117 13:47;;;;PH EUROLEY;DENILIQUIN;2710;7989;H;20030612;20030701;3500000;R;3;FARM;;RP;;0;9961785;
C;053;573422;3;20031117 13:47;1, 2, 3, 4, 5, 6, 7//134988 1//134991 1, 2, 3, 4, 5, 6, 7, 8, 9, 10, 1;
C;053;573422;3;20031117 13:47;1, 12, 13, 14, 15, PT 16, PT 17, 20, 24, 25, 26, 34, 35, 36, 37, PT 38;
C;053;573422;3;20031117 13:47;, 50//756282 5, 6, PT 7, PT 8, 9, 10, 11, 12, 13, 16, 17, PT 18, 19, P;
C;053;573422;3;20031117 13:47;T 20, 21, 22, 23, 24, 25, 27, 28, 29, 30, 31, 32, 33, 35, 36, 37, 40, ;
C;053;573422;3;20031117 13:47;41, 42, 47, 48, 51, 52, 53, 54, 55//756315 . . WB 196791 WB 196102 Roa;
C;053;573422;3;20031117 13:47;d Permit 1914/35 Road Permit 1961/28;
D;053;573422;3;20031117 13:47;P;;;;;;
D;053;573422;3;20031117 13:47;V;;;;;;
B;053;3038687;4;20031117 13:47;;;;'WOODVILLE';TOCUMWAL;2714;;;20030717;20030717;260000;;3;FARM;;;;0;AA47368;
C;053;3038687;4;20031117 13:47;1//191877;
D;053;3038687;4;20031117 13:47;P;;;;;;
D;053;3038687;4;20031117 13:47;P;;;;;;
D;053;3038687;4;20031117 13:47;V;;;;;;
D;053;3038687;4;20031117 13:47;V;;;;;;
Z;37;4;19;12;
